0
735
699
746
737
701
712
739
703
677
742
705
674
744
707
676
747
709
678
750
711
679
752
713
682
755
716
683
0
866
834
872
867
834
864
870
836
858
871
839
848
874
839
838
877
841
827
878
843
815
882
845
817
883
847
818
887
849
820
891
851
821
894
854
822
892
855
0
889
858
894
891
860
889
893
862
885
895
863
879
897
864
874
899
865
869
901
867
862
904
869
854
906
870
847
908
872
845
911
874
846
910
876
848
909
878
848
0
864
831
869
865
833
862
867
834
856
870
835
846
872
837
836
875
839
824
877
842
813
880
843
815
883
845
815
886
848
817
889
849
819
892
