20
727
691
776
727
691
758
728
691
733
729
693
694
732
694
664
733
695
665
736
699
667
740
684
636
741
714
681
734
671
641
721
20
688
650
767
688
651
746
690
653
722
693
655
690
696
657
624
698
658
626
700
661
627
703
663
630
706
665
631
708
666
633
712
669
636
715
672
637
718
674
639
722
676
641
725
678
643
729
680
644
733
683
646
765
686
648
746
688
651
715
691
653
688
693
654
622
695
656
623
698
659
625
700
661
627
703
662
628
706
664
630
709
666
632
712
0
736
700
746
737
701
713
740
703
677
742
706
675
744
708
676
747
710
678
749
711
680
753
714
682
755
716
683
759
718
686
762
720
687
765
723
688
769
725
691
772
